PI: Jack Qiang Ji
PI Contact Info:
   Code 613.2
   NASA/Goddard Space Flight Center
   Greenbelt, MD 20771
   ji@climate.gsfc.nasa.gov

Data Info.: UV-A, UV-B, and PAR Fluxes
Instrument: UV Irradiance Meter
Platform: SMART
Project Info.: NAMMA 2006 study

Temporal Resolution of Current Dataset : 1 hour (average)
Data Status: Raw Data
Units:
   UV-A, UV-B: W/m^2
   PAR: microeinstein/m^2 
Latitude: 16.732deg N
Longitude: 22.936deg W
Site Altitude: 80 meter
Stipulations on Use: Use of these data requires PI permission

year Mon Day   DoY(UTC)     cos(SZA)    UV-A      UV-B       PAR
2006   9   7   250.02083       NaN       NaN       NaN       NaN
2006   9   7   250.06250       NaN       NaN       NaN       NaN
2006   9   7   250.10417       NaN       NaN       NaN       NaN
2006   9   7   250.14583       NaN       NaN       NaN       NaN
2006   9   7   250.18750       NaN       NaN       NaN       NaN
2006   9   7   250.22917       NaN       NaN       NaN       NaN
2006   9   7   250.27083       NaN       NaN       NaN       NaN
2006   9   7   250.31250       NaN       NaN       NaN       NaN
2006   9   7   250.35417       NaN       NaN       NaN       NaN
2006   9   7   250.39583       NaN       NaN       NaN       NaN
2006   9   7   250.43750       NaN       NaN       NaN       NaN
2006   9   7   250.47917       NaN       NaN       NaN       NaN
2006   9   7   250.52083       NaN       NaN       NaN       NaN
2006   9   7   250.56250       NaN       NaN       NaN       NaN
2006   9   7   250.60417       NaN       NaN       NaN       NaN
2006   9   7   250.64583       NaN       NaN       NaN       NaN
2006   9   7   250.68750       NaN       NaN       NaN       NaN
2006   9   7   250.72917       NaN       NaN       NaN       NaN
2006   9   7   250.77083       NaN       NaN       NaN       NaN
2006   9   7   250.81250       NaN       NaN       NaN       NaN
2006   9   7   250.85417       NaN       NaN       NaN       NaN
2006   9   7   250.89583       NaN       NaN       NaN       NaN
2006   9   7   250.93750       NaN       NaN       NaN       NaN
2006   9   7   250.97917       NaN       NaN       NaN       NaN
2006   9   8         NaN       NaN       NaN       NaN       NaN
2006   9   8         NaN       NaN       NaN       NaN       NaN
2006   9   8         NaN       NaN       NaN       NaN       NaN
2006   9   8         NaN       NaN       NaN       NaN       NaN
2006   9   8         NaN       NaN       NaN       NaN       NaN
2006   9   8         NaN       NaN       NaN       NaN       NaN
2006   9   8         NaN       NaN       NaN       NaN       NaN
2006   9   8         NaN       NaN       NaN       NaN       NaN
2006   9   8         NaN       NaN       NaN       NaN       NaN
2006   9   8         NaN       NaN       NaN       NaN       NaN
2006   9   8         NaN       NaN       NaN       NaN       NaN
2006   9   8         NaN       NaN       NaN       NaN       NaN
2006   9   8         NaN       NaN       NaN       NaN       NaN
2006   9   8         NaN       NaN       NaN       NaN       NaN
2006   9   8   251.61665   0.92606   39.0700    2.7088   2174.40
2006   9   8   251.64549   0.85191   30.6417    2.0547   1723.73
2006   9   8   251.68716   0.70112   24.9932    1.4947   1516.27
2006   9   8   251.72881   0.50442   14.4562    0.7421    929.73
2006   9   8   251.77049   0.27520    5.8225    0.2231    399.12
2006   9   8   251.80415   0.07691    1.3024    0.0251     86.33
2006   9   8         NaN       NaN       NaN       NaN       NaN
2006   9   8         NaN       NaN       NaN       NaN       NaN
2006   9   8         NaN       NaN       NaN       NaN       NaN
2006   9   8         NaN       NaN       NaN       NaN       NaN
2006   9   9         NaN       NaN       NaN       NaN       NaN
2006   9   9         NaN       NaN       NaN       NaN       NaN
2006   9   9         NaN       NaN       NaN       NaN       NaN
2006   9   9         NaN       NaN       NaN       NaN       NaN
2006   9   9         NaN       NaN       NaN       NaN       NaN
2006   9   9         NaN       NaN       NaN       NaN       NaN
2006   9   9         NaN       NaN       NaN       NaN       NaN
2006   9   9   252.32050   0.07577    0.8656    0.0180     44.15
2006   9   9   252.35381   0.27203    4.6232    0.2015    234.33
2006   9   9   252.39549   0.50141   12.6610    0.6992    710.70
2006   9   9   252.43716   0.69843   22.6812    1.4795   1184.61
2006   9   9   252.47881   0.84964   38.5905    2.6665   2094.10
2006   9   9   252.52049   0.94474   32.0640    2.4708   1521.55
2006   9   9   252.56216   0.97721   44.7650    3.3881   2255.82
2006   9   9   252.60381   0.94483   46.1905    3.3810   2427.19
2006   9   9   252.64549   0.84981   30.8815    2.1941   1599.59
2006   9   9   252.68716   0.69863   21.7927    1.4541   1098.04
2006   9   9   252.72881   0.50158   17.1588    0.9208   1005.89
2006   9   9   252.77049   0.27209    5.7645    0.2466    306.24
2006   9   9   252.80382   0.07569    1.2782    0.0285     59.36
2006   9   9         NaN       NaN       NaN       NaN       NaN
2006   9   9         NaN       NaN       NaN       NaN       NaN
2006   9   9         NaN       NaN       NaN       NaN       NaN
2006   9   9         NaN       NaN       NaN       NaN       NaN
2006   9  10         NaN       NaN       NaN       NaN       NaN
2006   9  10         NaN       NaN       NaN       NaN       NaN
2006   9  10         NaN       NaN       NaN       NaN       NaN
2006   9  10         NaN       NaN       NaN       NaN       NaN
2006   9  10         NaN       NaN       NaN       NaN       NaN
2006   9  10         NaN       NaN       NaN       NaN       NaN
2006   9  10         NaN       NaN       NaN       NaN       NaN
2006   9  10   253.32050   0.07535    1.3325    0.0260     75.99
2006   9  10   253.35381   0.27167    6.4492    0.2513    415.34
2006   9  10   253.39549   0.50105   16.1433    0.8455    986.16
2006   9  10   253.43716   0.69795   26.6042    1.6377   1526.88
2006   9  10   253.47881   0.84896   36.2845    2.4660   1988.55
2006   9  10   253.52049   0.94375   42.9535    3.0798   2292.53
2006   9  10   253.56216   0.97587   43.6413    3.1809   2310.45
2006   9  10   253.60381   0.94310   42.5942    3.0188   2317.57
2006   9  10   253.64549   0.84769   30.3017    2.0397   1701.36
2006   9  10   253.68716   0.69611   20.1143    1.2619   1113.45
2006   9  10   253.72881   0.49871   12.4449    0.6508    755.80
2006   9  10   253.77049   0.26894    5.6559    0.2147    378.44
2006   9  10   253.80348   0.07446    1.3028    0.0250     80.63
2006   9  10         NaN       NaN       NaN       NaN       NaN
2006   9  10         NaN       NaN       NaN       NaN       NaN
2006   9  10         NaN       NaN       NaN       NaN       NaN
2006   9  10         NaN       NaN       NaN       NaN       NaN
2006   9  11         NaN       NaN       NaN       NaN       NaN
2006   9  11         NaN       NaN       NaN       NaN       NaN
2006   9  11         NaN       NaN       NaN       NaN       NaN
2006   9  11         NaN       NaN       NaN       NaN       NaN
2006   9  11         NaN       NaN       NaN       NaN       NaN
2006   9  11         NaN       NaN       NaN       NaN       NaN
2006   9  11         NaN       NaN       NaN       NaN       NaN
2006   9  11   254.32050   0.07493    1.0982    0.0210     68.32
2006   9  11   254.35381   0.27131    5.1271    0.1994    355.85
2006   9  11   254.39549   0.50066   13.5528    0.7025    888.31
2006   9  11   254.43716   0.69744   23.6292    1.4437   1430.80
2006   9  11   254.47881   0.84822   31.4713    2.1027   1843.38
2006   9  11   254.52049   0.94272   36.3093    2.5419   2101.12
2006   9  11   254.56216   0.97447   34.9592    2.4765   2015.22
2006   9  11   254.60381   0.94131   33.5353    2.3268   1951.63
2006   9  11   254.64549   0.84549   30.0408    1.9716   1795.70
2006   9  11   254.68716   0.69353   22.1275    1.3165   1381.75
2006   9  11   254.72881   0.49579   12.8529    0.6517    860.27
2006   9  11   254.77049   0.26576    5.1408    0.1979    353.10
2006   9  11   254.80348   0.07113    1.1346    0.0217     71.73
2006   9  11         NaN       NaN       NaN       NaN       NaN
2006   9  11         NaN       NaN       NaN       NaN       NaN
2006   9  11         NaN       NaN       NaN       NaN       NaN
2006   9  11         NaN       NaN       NaN       NaN       NaN
2006   9  12         NaN       NaN       NaN       NaN       NaN
2006   9  12         NaN       NaN       NaN       NaN       NaN
2006   9  12         NaN       NaN       NaN       NaN       NaN
2006   9  12         NaN       NaN       NaN       NaN       NaN
2006   9  12         NaN       NaN       NaN       NaN       NaN
2006   9  12         NaN       NaN       NaN       NaN       NaN
2006   9  12         NaN       NaN       NaN       NaN       NaN
2006   9  12   255.32050   0.07450    0.9778    0.0187     62.56
2006   9  12   255.35381   0.27093    3.8286    0.1450    277.22
2006   9  12   255.39549   0.50026   11.8300    0.5961    808.29
2006   9  12   255.43716   0.69690   16.1670    0.9836    978.66
2006   9  12   255.47881   0.84746   21.1035    1.4382   1196.51
2006   9  12   255.52049   0.94165   37.3288    2.6608   2038.43
2006   9  12   255.56216   0.97304   42.0285    3.0670   2250.97
2006   9  12   255.60381   0.93948   35.9770    2.5619   1981.18
2006   9  12   255.64549   0.84325   33.4487    2.2704   1869.25
2006   9  12   255.68716   0.69092   18.3462    1.1598   1038.44
2006   9  12   255.72881   0.49285   10.0675    0.5549    567.45
2006   9  12   255.77049   0.26255    4.4876    0.1776    284.31
2006   9  12   255.80313   0.06985    0.9830    0.0204     49.83
2006   9  12         NaN       NaN       NaN       NaN       NaN
2006   9  12         NaN       NaN       NaN       NaN       NaN
2006   9  12         NaN       NaN       NaN       NaN       NaN
2006   9  12         NaN       NaN       NaN       NaN       NaN
2006   9  13         NaN       NaN       NaN       NaN       NaN
2006   9  13         NaN       NaN       NaN       NaN       NaN
2006   9  13         NaN       NaN       NaN       NaN       NaN
2006   9  13         NaN       NaN       NaN       NaN       NaN
2006   9  13         NaN       NaN       NaN       NaN       NaN
2006   9  13         NaN       NaN       NaN       NaN       NaN
2006   9  13         NaN       NaN       NaN       NaN       NaN
2006   9  13   256.32047   0.07408    1.3919    0.0254    108.21
2006   9  13   256.35382   0.27055    5.8635    0.2248    373.71
2006   9  13   256.39548   0.49983    6.4031    0.3636    321.71
2006   9  13   256.43713   0.69634   11.5625    0.7682    579.18
2006   9  13   256.47882   0.84665   27.9603    2.0011   1372.14
2006   9  13   256.52048   0.94052   44.6305    3.2484   2272.60
2006   9  13   256.56213   0.97155   39.5237    2.9936   1915.00
2006   9  13   256.60382   0.93759   30.3230    2.3095   1391.52
2006   9  13   256.64548   0.84097   31.7313    2.2235   1584.93
2006   9  13   256.68713   0.68826   19.8428    1.3166    934.95
2006   9  13   256.72882   0.48987   13.2090    0.7294    686.07
2006   9  13   256.77048   0.25931    5.7561    0.2261    338.78
2006   9  13   256.80276   0.06858    1.4792    0.0266    104.12
2006   9  13         NaN       NaN       NaN       NaN       NaN
2006   9  13         NaN       NaN       NaN       NaN       NaN
2006   9  13         NaN       NaN       NaN       NaN       NaN
2006   9  13         NaN       NaN       NaN       NaN       NaN
2006   9  14         NaN       NaN       NaN       NaN       NaN
2006   9  14         NaN       NaN       NaN       NaN       NaN
2006   9  14         NaN       NaN       NaN       NaN       NaN
2006   9  14         NaN       NaN       NaN       NaN       NaN
2006   9  14         NaN       NaN       NaN       NaN       NaN
2006   9  14         NaN       NaN       NaN       NaN       NaN
2006   9  14         NaN       NaN       NaN       NaN       NaN
2006   9  14   257.32047   0.07366    0.7378    0.0143     39.75
2006   9  14   257.35382   0.27015    3.6074    0.1533    193.92
2006   9  14   257.39548   0.49938   11.8882    0.6610    650.75
2006   9  14   257.43713   0.69573   24.4363    1.5166   1400.32
2006   9  14   257.47882   0.84579   32.8798    2.3128   1660.75
2006   9  14   257.52048   0.93935   36.0682    2.6516   1794.37
2006   9  14   257.56213   0.97001   38.9253    2.9114   1915.05
2006   9  14   257.60382   0.93565   38.8528    2.8227   1998.32
2006   9  14   257.64548   0.83863   36.4267    2.4951   1943.55
2006   9  14   257.68713   0.68555   26.8697    1.6683   1496.77
2006   9  14   257.72882   0.48684   15.4105    0.8091    918.07
2006   9  14   257.77048   0.25606    5.8763    0.2252    373.87
2006   9  14   257.80243   0.06727    1.2765    0.0235     78.53
2006   9  14         NaN       NaN       NaN       NaN       NaN
2006   9  14         NaN       NaN       NaN       NaN       NaN
2006   9  14         NaN       NaN       NaN       NaN       NaN
2006   9  14         NaN       NaN       NaN       NaN       NaN
2006   9  15         NaN       NaN       NaN       NaN       NaN
2006   9  15         NaN       NaN       NaN       NaN       NaN
2006   9  15         NaN       NaN       NaN       NaN       NaN
2006   9  15         NaN       NaN       NaN       NaN       NaN
2006   9  15         NaN       NaN       NaN       NaN       NaN
2006   9  15         NaN       NaN       NaN       NaN       NaN
2006   9  15         NaN       NaN       NaN       NaN       NaN
2006   9  15   258.32047   0.07323    0.6465    0.0119     36.29
2006   9  15   258.35382   0.26975    2.8215    0.1207    165.39
2006   9  15   258.39548   0.49891   12.1630    0.6607    720.99
2006   9  15   258.43713   0.69509   23.9352    1.4807   1398.71
2006   9  15   258.47882   0.84491   37.3043    2.5377   2064.64
2006   9  15   258.52048   0.93814   38.0640    2.7882   1976.26
2006   9  15   258.56213   0.96842   42.7987    3.1672   2216.08
2006   9  15   258.60382   0.93366   40.7985    2.9713   2122.78
2006   9  15   258.64548   0.83625   33.2680    2.3078   1762.40
2006   9  15   258.68713   0.68281   26.9293    1.6723   1515.53
2006   9  15   258.72882   0.48380   14.3982    0.7663    841.95
2006   9  15   258.77048   0.25278    5.8656    0.2268    344.40
2006   9  15   258.80206   0.06596    1.4792    0.0258     95.87
2006   9  15         NaN       NaN       NaN       NaN       NaN
2006   9  15         NaN       NaN       NaN       NaN       NaN
2006   9  15         NaN       NaN       NaN       NaN       NaN
2006   9  15         NaN       NaN       NaN       NaN       NaN
2006   9  16         NaN       NaN       NaN       NaN       NaN
2006   9  16         NaN       NaN       NaN       NaN       NaN
2006   9  16         NaN       NaN       NaN       NaN       NaN
2006   9  16         NaN       NaN       NaN       NaN       NaN
2006   9  16         NaN       NaN       NaN       NaN       NaN
2006   9  16         NaN       NaN       NaN       NaN       NaN
2006   9  16         NaN       NaN       NaN       NaN       NaN
2006   9  16   259.32080   0.07489    0.6450    0.0158     19.30
2006   9  16   259.35382   0.26932    2.6011    0.1273    102.29
2006   9  16   259.39548   0.49841    6.1447    0.3778    267.11
2006   9  16   259.43713   0.69442   11.9714    0.8403    532.21
2006   9  16   259.47882   0.84398   15.2404    1.1330    681.72
2006   9  16   259.52048   0.93687   22.3440    1.7020   1030.20
2006   9  16   259.56213   0.96677   30.8083    2.3285   1485.17
2006   9  16   259.60382   0.93163   32.9017    2.4329   1607.88
2006   9  16   259.64548   0.83382   24.3298    1.7548   1150.93
2006   9  16   259.68713   0.68003   14.6948    0.9835    683.38
2006   9  16   259.72882   0.48072   10.1004    0.5929    490.61
2006   9  16   259.77048   0.24949    5.2337    0.2001    324.06
2006   9  16   259.80173   0.06465    1.2698    0.0230    104.70
2006   9  16         NaN       NaN       NaN       NaN       NaN
2006   9  16         NaN       NaN       NaN       NaN       NaN
2006   9  16         NaN       NaN       NaN       NaN       NaN
2006   9  16         NaN       NaN       NaN       NaN       NaN
2006   9  17         NaN       NaN       NaN       NaN       NaN
2006   9  17         NaN       NaN       NaN       NaN       NaN
2006   9  17         NaN       NaN       NaN       NaN       NaN
2006   9  17         NaN       NaN       NaN       NaN       NaN
2006   9  17         NaN       NaN       NaN       NaN       NaN
2006   9  17         NaN       NaN       NaN       NaN       NaN
2006   9  17         NaN       NaN       NaN       NaN       NaN
2006   9  17   260.32080   0.07445    0.7943    0.0164     38.23
2006   9  17   260.35382   0.26889    6.5027    0.2547    427.36
2006   9  17   260.39548   0.49789   12.9922    0.7365    689.00
2006   9  17   260.43713   0.69372   22.3057    1.5124   1094.46
2006   9  17   260.47882   0.84300   10.2782    0.7718    474.16
2006   9  17   260.52048   0.93557    7.8268    0.6113    365.43
2006   9  17   260.56213   0.96508    7.0768    0.5674    318.56
2006   9  17   260.60382   0.92954   17.6726    1.3925    778.48
2006   9  17   260.64548   0.83135   10.6360    0.8009    488.88
2006   9  17   260.68713   0.67720   11.8638    0.9031    421.25
2006   9  17   260.72882   0.47761   10.3269    0.6657    374.77
2006   9  17   260.77048   0.24617    6.1041    0.2355    389.65
2006   9  17   260.80173   0.06125    1.2550    0.0237     46.72
2006   9  17         NaN       NaN       NaN       NaN       NaN
2006   9  17         NaN       NaN       NaN       NaN       NaN
2006   9  17         NaN       NaN       NaN       NaN       NaN
2006   9  17         NaN       NaN       NaN       NaN       NaN
2006   9  18         NaN       NaN       NaN       NaN       NaN
2006   9  18         NaN       NaN       NaN       NaN       NaN
2006   9  18         NaN       NaN       NaN       NaN       NaN
2006   9  18         NaN       NaN       NaN       NaN       NaN
2006   9  18         NaN       NaN       NaN       NaN       NaN
2006   9  18         NaN       NaN       NaN       NaN       NaN
2006   9  18         NaN       NaN       NaN       NaN       NaN
2006   9  18   261.32080   0.07401    1.2621    0.0237     75.32
2006   9  18   261.35382   0.26844    5.8458    0.2277    368.16
2006   9  18   261.39548   0.49734   14.7379    0.7677    919.65
2006   9  18   261.43713   0.69296   25.1690    1.5479   1472.23
2006   9  18   261.47882   0.84198   34.7893    2.3758   1919.73
2006   9  18   261.52048   0.93421   41.1410    2.9795   2190.77
2006   9  18   261.56213   0.96334   44.8105    3.2844   2383.88
2006   9  18   261.60382   0.92740   42.1743    3.0474   2247.15
2006   9  18   261.64548   0.82884   33.5383    2.3183   1804.17
2006   9  18   261.68713   0.67436   25.8030    1.5845   1491.32
2006   9  18   261.72882   0.47448   12.7739    0.6604    799.57
2006   9  18   261.77048   0.24284    4.0434    0.1545    261.56
2006   9  18   261.80139   0.05989    0.9954    0.0171     68.49
2006   9  18         NaN       NaN       NaN       NaN       NaN
2006   9  18         NaN       NaN       NaN       NaN       NaN
2006   9  18         NaN       NaN       NaN       NaN       NaN
2006   9  18         NaN       NaN       NaN       NaN       NaN
2006   9  19         NaN       NaN       NaN       NaN       NaN
2006   9  19         NaN       NaN       NaN       NaN       NaN
2006   9  19         NaN       NaN       NaN       NaN       NaN
2006   9  19         NaN       NaN       NaN       NaN       NaN
2006   9  19         NaN       NaN       NaN       NaN       NaN
2006   9  19         NaN       NaN       NaN       NaN       NaN
2006   9  19         NaN       NaN       NaN       NaN       NaN
2006   9  19   262.32080   0.07355    1.0842    0.0197     81.50
2006   9  19   262.35382   0.26797    5.4313    0.2025    392.61
2006   9  19   262.39548   0.49676   14.2080    0.7351    913.07
2006   9  19   262.43713   0.69219   24.6463    1.5070   1455.57
2006   9  19   262.47882   0.84092   33.6500    2.2827   1872.82
2006   9  19   262.52048   0.93279   39.9998    2.8568   2173.03
2006   9  19   262.56213   0.96156   41.0903    2.9594   2255.40
2006   9  19   262.60382   0.92523   36.5007    2.5750   2039.42
2006   9  19   262.64548   0.82628   30.2183    1.9976   1764.85
2006   9  19   262.68713   0.67147   20.8170    1.2329   1307.74
2006   9  19   262.72882   0.47132   10.6636    0.5404    711.66
2006   9  19   262.77048   0.23950    3.3651    0.1226    259.98
2006   9  19   262.80103   0.05857    0.8679    0.0139     64.72
2006   9  19         NaN       NaN       NaN       NaN       NaN
2006   9  19         NaN       NaN       NaN       NaN       NaN
2006   9  19         NaN       NaN       NaN       NaN       NaN
2006   9  19         NaN       NaN       NaN       NaN       NaN
2006   9  20         NaN       NaN       NaN       NaN       NaN
2006   9  20         NaN       NaN       NaN       NaN       NaN
2006   9  20         NaN       NaN       NaN       NaN       NaN
2006   9  20         NaN       NaN       NaN       NaN       NaN
2006   9  20         NaN       NaN       NaN       NaN       NaN
2006   9  20         NaN       NaN       NaN       NaN       NaN
2006   9  20         NaN       NaN       NaN       NaN       NaN
2006   9  20   263.32080   0.07310    1.1800    0.0221     69.97
2006   9  20   263.35382   0.26749    5.1288    0.1837    384.34
2006   9  20   263.39548   0.49616   13.0191    0.6568    864.41
2006   9  20   263.43713   0.69137   26.6333    1.6109   1591.12
2006   9  20   263.47882   0.83981   37.3667    2.5544   2033.43
2006   9  20   263.52048   0.93134   43.7285    3.1646   2300.08
2006   9  20   263.56213   0.95972   45.7012    3.3661   2372.65
2006   9  20   263.60382   0.92300   35.9265    2.6302   1856.80
2006   9  20   263.64548   0.82369   32.0095    2.2090   1696.86
2006   9  20   263.68713   0.66854   25.4502    1.5673   1445.26
2006   9  20   263.72882   0.46814   13.9579    0.7291    834.79
2006   9  20   263.77048   0.23614    5.3948    0.2042    317.33
2006   9  20   263.80069   0.05724    1.0778    0.0193     45.79
2006   9  20         NaN       NaN       NaN       NaN       NaN
2006   9  20         NaN       NaN       NaN       NaN       NaN
2006   9  20         NaN       NaN       NaN       NaN       NaN
2006   9  20         NaN       NaN       NaN       NaN       NaN
2006   9  21         NaN       NaN       NaN       NaN       NaN
2006   9  21         NaN       NaN       NaN       NaN       NaN
2006   9  21         NaN       NaN       NaN       NaN       NaN
2006   9  21         NaN       NaN       NaN       NaN       NaN
2006   9  21         NaN       NaN       NaN       NaN       NaN
2006   9  21         NaN       NaN       NaN       NaN       NaN
2006   9  21         NaN       NaN       NaN       NaN       NaN
2006   9  21   264.32080   0.07263    1.1379    0.0214     66.62
2006   9  21   264.35382   0.26698    5.2879    0.2067    335.83
2006   9  21   264.39548   0.49552   13.1037    0.6846    817.91
2006   9  21   264.43713   0.69052   24.3077    1.4968   1406.96
2006   9  21   264.47882   0.83866   34.4422    2.3485   1883.25
2006   9  21   264.52048   0.92983   41.9538    3.0147   2240.67
2006   9  21   264.56213   0.95783   43.4503    3.1968   2280.32
2006   9  21   264.60382   0.92072   41.7345    2.9993   2222.65
2006   9  21   264.64548   0.82105   35.2398    2.3851   1939.20
2006   9  21   264.68713   0.66559   22.5987    1.4028   1262.90
2006   9  21   264.72882   0.46493   12.7178    0.6629    757.56
2006   9  21   264.77048   0.23278    5.0192    0.1846    326.29
2006   9  21   264.80032   0.05589    1.0203    0.0173     61.37
2006   9  21         NaN       NaN       NaN       NaN       NaN
2006   9  21         NaN       NaN       NaN       NaN       NaN
2006   9  21         NaN       NaN       NaN       NaN       NaN
2006   9  21         NaN       NaN       NaN       NaN       NaN
2006   9  22         NaN       NaN       NaN       NaN       NaN
2006   9  22         NaN       NaN       NaN       NaN       NaN
2006   9  22         NaN       NaN       NaN       NaN       NaN
2006   9  22         NaN       NaN       NaN       NaN       NaN
2006   9  22         NaN       NaN       NaN       NaN       NaN
2006   9  22         NaN       NaN       NaN       NaN       NaN
2006   9  22         NaN       NaN       NaN       NaN       NaN
2006   9  22   265.32080   0.07215    1.1635    0.0222     68.36
2006   9  22   265.35382   0.26647    5.3455    0.2086    349.13
2006   9  22   265.39548   0.49485   11.0107    0.5810    670.13
2006   9  22   265.43713   0.68962   20.1090    1.2514   1154.40
2006   9  22   265.47882   0.83746   32.7518    2.2712   1747.77
2006   9  22   265.52048   0.92829   37.2710    2.7231   1937.02
2006   9  22   265.56213   0.95589   42.7888    3.1300   2262.18
2006   9  22   265.60382   0.91841   41.7842    2.9969   2227.92
2006   9  22   265.64548   0.81837   34.9587    2.3580   1931.22
2006   9  22   265.68713   0.66260   22.7448    1.3984   1295.72
2006   9  22   265.72882   0.46171   11.8967    0.6404    659.11
2006   9  22   265.77048   0.22941    4.6015    0.1712    295.37
2006   9  22   265.80032   0.05246    0.9780    0.0167     50.91
2006   9  22         NaN       NaN       NaN       NaN       NaN
2006   9  22         NaN       NaN       NaN       NaN       NaN
2006   9  22         NaN       NaN       NaN       NaN       NaN
2006   9  22         NaN       NaN       NaN       NaN       NaN
2006   9  23         NaN       NaN       NaN       NaN       NaN
2006   9  23         NaN       NaN       NaN       NaN       NaN
2006   9  23         NaN       NaN       NaN       NaN       NaN
2006   9  23         NaN       NaN       NaN       NaN       NaN
2006   9  23         NaN       NaN       NaN       NaN       NaN
2006   9  23         NaN       NaN       NaN       NaN       NaN
2006   9  23         NaN       NaN       NaN       NaN       NaN
2006   9  23   266.32080   0.07165    1.2848    0.0239     85.64
2006   9  23   266.35382   0.26592    6.1847    0.2457    374.96
2006   9  23   266.39548   0.49416   15.5472    0.8441    899.84
2006   9  23   266.43713   0.68869   26.6228    1.6963   1452.59
2006   9  23   266.47882   0.83622   33.5070    2.3606   1741.55
2006   9  23   266.52048   0.92668   40.8313    3.0533   2029.73
2006   9  23   266.56213   0.95391   38.8655    2.9553   1915.83
2006   9  23   266.60382   0.91605   43.2290    3.1552   2232.32
2006   9  23   266.64548   0.81566   35.6738    2.4627   1888.99
2006   9  23   266.68713   0.65959   24.9705    1.5578   1376.24
2006   9  23   266.72882   0.45847   13.4555    0.7010    793.94
2006   9  23   266.77048   0.22602    5.1999    0.1973    311.67
2006   9  23   266.79999   0.05115    0.9085    0.0159     49.49
2006   9  23         NaN       NaN       NaN       NaN       NaN
2006   9  23         NaN       NaN       NaN       NaN       NaN
2006   9  23         NaN       NaN       NaN       NaN       NaN
2006   9  23         NaN       NaN       NaN       NaN       NaN
2006   9  24         NaN       NaN       NaN       NaN       NaN
2006   9  24         NaN       NaN       NaN       NaN       NaN
2006   9  24         NaN       NaN       NaN       NaN       NaN
2006   9  24         NaN       NaN       NaN       NaN       NaN
2006   9  24         NaN       NaN       NaN       NaN       NaN
2006   9  24         NaN       NaN       NaN       NaN       NaN
2006   9  24         NaN       NaN       NaN       NaN       NaN
2006   9  24   267.32080   0.07116    1.2534    0.0246     65.00
2006   9  24   267.35382   0.26535    6.3813    0.2548    376.17
2006   9  24   267.39548   0.49344   16.0944    0.8571    960.99
2006   9  24   267.43713   0.68772   24.6788    1.5988   1306.93
2006   9  24   267.47882   0.83493   23.7690    1.7185   1179.25
2006   9  24   267.52048   0.92504   18.8537    1.4450    906.12
2006   9  24   267.56213   0.95189   40.8720    3.0551   2065.17
2006   9  24   267.60382   0.91365   33.0690    2.4728   1620.59
2006   9  24   267.64548   0.81290   23.1677    1.6861   1111.71
2006   9  24   267.68713   0.65655   21.0677    1.3635   1065.55
2006   9  24   267.72882   0.45522   15.4575    0.7940    921.16
2006   9  24   267.77048   0.22264    5.6085    0.2033    352.83
2006   9  24   267.79965   0.04981    1.0142    0.0166     63.79
2006   9  24         NaN       NaN       NaN       NaN       NaN
2006   9  24         NaN       NaN       NaN       NaN       NaN
2006   9  24         NaN       NaN       NaN       NaN       NaN
2006   9  24         NaN       NaN       NaN       NaN       NaN
2006   9  25         NaN       NaN       NaN       NaN       NaN
2006   9  25         NaN       NaN       NaN       NaN       NaN
2006   9  25         NaN       NaN       NaN       NaN       NaN
2006   9  25         NaN       NaN       NaN       NaN       NaN
2006   9  25         NaN       NaN       NaN       NaN       NaN
2006   9  25         NaN       NaN       NaN       NaN       NaN
2006   9  25         NaN       NaN       NaN       NaN       NaN
2006   9  25   268.32117   0.07273    1.3324    0.0255     75.81
2006   9  25   268.35382   0.26477    5.2253    0.2002    352.92
2006   9  25   268.39548   0.49268   16.9177    0.8909   1017.30
2006   9  25   268.43713   0.68670   28.8532    1.7958   1618.40
2006   9  25   268.47882   0.83360   34.4618    2.3465   1881.52
2006   9  25   268.52048   0.92334   41.3885    3.0148   2145.78
2006   9  25   268.56213   0.94981   32.8598    2.5480   1540.46
2006   9  25   268.60382   0.91120   24.8972    1.9463   1114.68
2006   9  25   268.64444   0.81360   27.5005    1.9288   1408.63
2006   9  25         NaN       NaN       NaN       NaN       NaN
2006   9  25         NaN       NaN       NaN       NaN       NaN
2006   9  25         NaN       NaN       NaN       NaN       NaN
2006   9  25         NaN       NaN       NaN       NaN       NaN
2006   9  25         NaN       NaN       NaN       NaN       NaN
2006   9  25         NaN       NaN       NaN       NaN       NaN
2006   9  25         NaN       NaN       NaN       NaN       NaN
2006   9  25         NaN       NaN       NaN       NaN       NaN
2006   9  26         NaN       NaN       NaN       NaN       NaN
2006   9  26         NaN       NaN       NaN       NaN       NaN
2006   9  26         NaN       NaN       NaN       NaN       NaN
2006   9  26         NaN       NaN       NaN       NaN       NaN
2006   9  26         NaN       NaN       NaN       NaN       NaN
2006   9  26         NaN       NaN       NaN       NaN       NaN
2006   9  26         NaN       NaN       NaN       NaN       NaN
2006   9  26   269.32117   0.07220    1.2628    0.0243     72.37
2006   9  26   269.35382   0.26416    5.8601    0.2319    366.73
2006   9  26   269.39548   0.49189   14.2027    0.7474    867.45
2006   9  26   269.43713   0.68564   22.5073    1.4431   1212.70
2006   9  26   269.47882   0.83222   23.2267    1.6521   1193.47
2006   9  26   269.52048   0.92160   37.4522    2.7507   1920.77
2006   9  26   269.56213   0.94769   35.0182    2.6519   1731.67
2006   9  26   269.58682   0.93502   43.0145    3.1884   2174.25
2006   9  26         NaN       NaN       NaN       NaN       NaN
2006   9  26         NaN       NaN       NaN       NaN       NaN
2006   9  26         NaN       NaN       NaN       NaN       NaN
2006   9  26         NaN       NaN       NaN       NaN       NaN
2006   9  26         NaN       NaN       NaN       NaN       NaN
2006   9  26         NaN       NaN       NaN       NaN       NaN
2006   9  26         NaN       NaN       NaN       NaN       NaN
2006   9  26         NaN       NaN       NaN       NaN       NaN
2006   9  26         NaN       NaN       NaN       NaN       NaN
